2104
2055
2080
2012
2097
2042
2013
2011
2035
2063
2061
2064
2068
2096
2109
2020
2058
2043
2051
2045
2098
2052
2002
2056
2027
2060
2073
2074
2075
2083
2076
2078
2077
2003
2033
2099
2001
2110
2092
2010
2103
2090
2081
2071
2070
2007
2014
2008
2034
2030
2038
2004
2029
2067
2025
2107
2026
2031
2028
2036
2095
2101
2009
2069
2084
2087
2100
2057
2065
2079
2093
2094
2086
2016
2089
2015
2088
2105
2006
2005
2040
2091
2054
2108
2041
2017
2044
2024
2018
2019
2021
2059
2062
2039
2023
2022
2085
2037
2106
2102
2072
2082
2066
2050
